1000
1056311
3075474
3863911
7696921
12405063
19614780
21877620
24270826
28462152
29543912
30383286
38454165
41940831
44037314
45093810
46429676
48246389
48697161
54418813
54419595
55580168
56071080
60369459
61627956
63404517
64413874
64576784
65525117
66263378
69010029
70531885
70833721
77032906
77450834
82358126
84272436
84583586
87123457
88361915
88576343
90236639
90380553
91201101
94503690
96040991
96488957
98596498
99726999
100688197
104131903
104522472
106517615
107345832
110939411
111001562
111131934
120484954
120919011
124044084
127515453
132033543
133619606
134302097
138426559
143100343
144414259
145475361
145916889
145917012
152231849
153497692
155391066
159770268
161332305
164170118
166430703
169038053
169413581
172236318
172854940
173450643
174881409
175109600
176165911
176188133
178934212
179221225
181438094
181807124
191261855
191584513
197509622
200213920
203557813
206322481
207481542
211052305
214583761
215244027
216399349
216477440
218066288
221484164
222682172
224084493
224162717
224589105
225933397
226069256
230940383
237769472
239228174
243991416
246849683
250522684
250644260
251396179
253065458
253579802
255639529
257773941
257891658
263367035
264142902
265591906
270118444
271063684
271807844
277817724
282200495
285268060
285399444
286347813
286695891
286846734
287359820
288015777
290024945
298925803
299330260
309771917
315802568
317381568
318018491
318647807
320053404
320229547
325385661
326091819
328776510
329374859
330431170
332403864
334635598
335885426
340842728
342058709
343432930
344137769
344530735
344878516
351678170
351728951
354154644
354846044
357202969
358077446
359374152
360013835
360014299
360998095
363335710
364519213
367201659
369107160
370023409
372006563
376251154
377979531
381558728
382573905
385179603
387384088
387817445
388819286
389255650
390001322
393575190
396604157
397698243
398169089
403194404
405809416
407817745
408283033
408892493
410211343
410285103
410942452
412678817
416579067
418724406
420384608
420410968
421448795
425798540
428117507
431218251
432714112
432949866
439921888
440538358
440734277
441565147
441786555
444582566
450015636
454143832
456163849
458376516
459495833
462236640
466111375
469511506
471694683
473808150
474713116
477327413
479244404
481431686
481437535
483479731
483943071
485295598
486026795
486840797
487805259
489000802
489963127
493262979
493705839
495342149
496314742
499630005
503145892
505381451
505935348
506597082
507371527
510039148
512243708
512731793
515166735
515564886
515583459
517900382
518285491
518968370
522267057
525183421
527924093
528343435
531906448
532025455
533340033
537647877
538762352
541560002
542473311
545959037
546396254
548974522
549593586
549663262
551492160
553444657
555590879
556041503
556805587
557161038
559744018
561450361
564110619
567639109
568155610
569981611
572712394
574345888
577007613
581031505
583658497
588447874
589404966
598293823
598682435
600603549
601976422
604244781
606364283
611631279
613523734
614185755
614610844
617686318
619880775
620930737
621252041
627044420
627566052
628425403
629741987
630373997
638615617
639371287
641701778
642597640
643129661
643627707
643864828
644675521
646622397
656108363
659413663
669613578
670090200
671763092
672880134
673450066
675050030
675333044
676641340
677234866
678366494
680473092
680829030
687541704
688378350
689353540
689813890
690436216
693388781
699533377
701727137
701961830
702323041
704590782
705594408
708389885
710174472
717424974
721978744
722307724
722353919
723766161
727385093
729888664
729947592
737447591
740773121
746999873
747033985
747882483
749073983
751790474
753808048
755430355
756153012
757341334
759010378
760292933
762477839
763111874
764314887
771174891
771954324
772120938
775869506
783223808
784195054
785269272
786953893
790835333
794762184
796281176
800110855
800908195
805132225
805330552
810248632
811549862
812342504
812405775
818082851
818565655
819385885
819456803
819907704
821182785
825538441
826790410
828414087
830922574
831223068
833017997
836358216
837511290
837527374
840338359
841372706
842161335
842915311
845739588
851165888
852821874
853